LE 10 9 6 4 LI 4.11 10.1 6.88 4.99 9.3 9.2 6.15 4.33
LE 55 54 53 52 LI 55.99 55.88 55.77 54.99 54.88 54.77 53.99 53.88 53.77 52.99 52.88 52.77
LE 64 21 37 34 LI 64.67 37.3 21.78 34.7 34.89 64.56 37.96 21.4 34.5
LE 10 9 6 4 LI 4.11 10.1 6.88 4.99 9.3 9.2 6.15 4.33
LE 55 54 53 52 LI 55.99 55.88 55.77 54.99 54.88 54.77 53.99 53.88 53.77 52.99 52.88 52.77
LE 64 21 37 34 LI 64.67 37.3 21.78 34.7 34.89 64.56 37.96 21.4 34.5
LE 1 2 3 4 LI 1.1 2.2 3.3 4.4
LE 20 30 40 50 LI 20.01 30.02 40.03 50.04
LE 100 200 300 400 LI 100.1 200.2 300.3 400.4
LE 10 9 6 4 LI 4.11 10.1 6.88 4.99 9.3 9.2 6.15 4.33
LE 55 54 53 52 LI 55.99 55.88 55.77 54.99 54.88 54.77 53.99 53.88 53.77 52.99 52.88 52.77
LE 64 21 37 34 LI 64.67 37.3 21.78 34.7 34.89 64.56 37.96 21.4 34.5
LE 1 2 3 4 LI 1.1 2.2 3.3 4.4
LE 20 30 40 50 LI 20.01 30.02 40.03 50.04
LE 100 200 300 400 LI 100.1 200.2 300.3 400.4
LE 10 9 6 4 LI 4.11 10.1 6.88 4.99 9.3 9.2 6.15 4.33
LE 55 54 53 52 LI 55.99 55.88 55.77 54.99 54.88 54.77 53.99 53.88 53.77 52.99 52.88 52.77
LE 64 21 37 34 LI 64.67 37.3 21.78 34.7 34.89 64.56 37.96 21.4 34.5
LE 1 2 3 4 LI 1.1 2.2 3.3 4.4
LE 20 30 40 50 LI 20.01 30.02 40.03 50.04
LE 100 200 300 400 LI 100.1 200.2 300.3 400.4
LE 7 8 9 10 LI 7.77 8.88 9.99 10.01
LE 15 25 35 45 LI 15.15 25.25 35.35 45.45
LE 36 35 34 33 32 31 30 29 28 27 26 25 24 23 22 21 20 19 18 17 16 15 14 13 12 11 10 9 8 7 6 5 4 3 2 LI 29.29 28.28 27.27 26.26 25.25 24.24 23.23 22.22 21.21 20.20 19.19 18.18 17.17 16.16 15.15 14.14 13.13 12.12 11.11 10.10 9.9 8.8 7.7 6.6 5.5 4.4 3.3 2.25